    120.0     3.81216515E-12 
    120.5     3.96071559E-12 
    121.0     4.10135485E-12 
    121.5     4.23291924E-12 
    122.0     4.35567589E-12 
    122.5     4.47031942E-12 
    123.0     4.57858781E-12 
    123.5     4.68160192E-12 
    124.0     4.78018915E-12 
    124.5     4.87423826E-12 
    125.0     4.96276926E-12 
    125.5     5.04703052E-12 
    126.0     5.12731900E-12 
    126.5     5.20547345E-12 
    127.0     5.28342233E-12 
    127.5     5.36314769E-12 
    128.0     5.44547136E-12 
    128.5     5.53120816E-12 
    129.0     5.62063074E-12 
    129.5     5.71560084E-12 
    130.0     5.81917731E-12 
    130.5     5.93653026E-12 
    131.0     6.07439857E-12 
    131.5     6.23974389E-12 
    132.0     6.44022403E-12 
    132.5     6.68315750E-12 
    133.0     6.97805956E-12 
    133.5     7.33975072E-12 
    134.0     7.79184376E-12 
    134.5     8.36080750E-12 
    135.0     9.08592768E-12 
    135.5     9.99987354E-12 
    136.0     1.11323939E-11 
    136.5     1.25205373E-11 
    137.0     1.42208788E-11 
    137.5     1.63177201E-11 
    138.0     1.89167403E-11 
    138.5     2.21303004E-11 
    139.0     2.60388330E-11 
    139.5     3.07255916E-11 
    140.0     3.62667471E-11 
    140.5     4.28503611E-11 
    141.0     5.07181841E-11 
    141.5     6.01985625E-11 
    142.0     7.15275405E-11 
    142.5     8.48581961E-11 
    143.0     1.00258260E-10 
    143.5     1.17957414E-10 
    144.0     1.38442427E-10 
    144.5     1.62577990E-10 
    145.0     1.91190587E-10 
    145.5     2.25057918E-10 
    146.0     2.64465722E-10 
    146.5     3.10042215E-10 
    147.0     3.62805562E-10 
    147.5     4.25252093E-10 
    148.0     5.00645205E-10 
    148.5     5.93085079E-10 
    149.0     7.06268669E-10 
    149.5     8.44209145E-10 
    150.0     1.01114429E-09 
    150.5     1.21447102E-09 
    151.0     1.46330082E-09 
    151.5     1.77380132E-09 
    152.0     2.16144619E-09 
    152.5     2.65339232E-09 
    153.0     3.27214778E-09 
    153.5     4.06350282E-09 
    154.0     5.07131364E-09 
    154.5     6.38678285E-09 
    155.0     8.11914356E-09 
    155.5     1.04703348E-08 
    156.0     1.37114880E-08 
    156.5     1.83029661E-08 
    157.0     2.48685957E-08 
    157.5     3.44511988E-08 
    158.0     4.83739808E-08 
    158.5     6.89069132E-08 
    159.0     9.87436039E-08 
    159.5     1.42576128E-07 
    160.0     2.05791244E-07 
    160.5     2.97815070E-07 
    161.0     4.28346071E-07 
    161.5     6.15452806E-07 
    162.0     8.77664131E-07 
    162.5     1.24613842E-06 
    163.0     1.75414109E-06 
    163.5     2.45601994E-06 
    164.0     3.40466371E-06 
    164.5     4.69561326E-06 
    165.0     6.40746328E-06 
    165.5     8.70120583E-06 
    166.0     1.16943971E-05 
    166.5     1.56373759E-05 
    167.0     2.07134285E-05 
    167.5     2.72788020E-05 
    168.0     3.56258299E-05 
    168.5     4.62339997E-05 
    169.0     5.95392449E-05 
    169.5     7.61930385E-05 
    170.0     9.67711865E-05 
    170.5     1.22194385E-04 
    171.0     1.53147513E-04 
    171.5     1.90920690E-04 
    172.0     2.36279206E-04 
    172.5     2.90925225E-04 
    173.0     3.55780054E-04 
    173.5     4.32892888E-04 
    174.0     5.23470025E-04 
    174.5     6.29779802E-04 
    175.0     7.53363934E-04 
    175.5     8.96744013E-04 
    176.0     1.06169567E-03 
    176.5     1.25127795E-03 
    177.0     1.46726748E-03 
    177.5     1.71360165E-03 
    178.0     1.99198825E-03 
    178.5     2.30742700E-03 
    179.0     2.66195486E-03 
    179.5     3.06153728E-03 
    180.0     3.50927297E-03 
    180.5     4.01208713E-03 
    181.0     4.57483181E-03 
    181.5     5.20596696E-03 
    182.0     5.91249456E-03 
    182.5     6.70570159E-03 
    183.0     7.59515318E-03 
    183.5     8.59656246E-03 
    184.0     9.72300189E-03 
    184.5     1.09958854E-02 
    185.0     1.24334475E-02 
    185.5     1.40635101E-02 
    186.0     1.59113112E-02 
    186.5     1.80115528E-02 
    187.0     2.03978137E-02 
    187.5     2.31123416E-02 
    188.0     2.61976116E-02 
    188.5     2.97041453E-02 
    189.0     3.36826993E-02 
    189.5     3.81925245E-02 
    190.0     4.32911395E-02 
    190.5     4.90460454E-02 
    191.0     5.55193602E-02 
    191.5     6.27841063E-02 
    192.0     7.09045440E-02 
    192.5     7.99542428E-02 
    193.0     8.99969616E-02 
    193.5     1.01100725E-01 
    194.0     1.13323679E-01 
    194.5     1.26723409E-01 
    195.0     1.41343870E-01 
    195.5     1.57229672E-01 
    196.0     1.74400993E-01 
    196.5     1.92885233E-01 
    197.0     2.12673079E-01 
    197.5     2.33765203E-01 
    198.0     2.56122942E-01 
    198.5     2.79709481E-01 
    199.0     3.04456703E-01 
    199.5     3.30287016E-01 
    200.0     3.57098011E-01 
    200.5     3.84777120E-01 
    201.0     4.13184508E-01 
    201.5     4.42179804E-01 
    202.0     4.71592558E-01 
    202.5     5.01256778E-01 
    203.0     5.30987687E-01 
    203.5     5.60595526E-01 
    204.0     5.89896604E-01 
    204.5     6.18688429E-01 
    205.0     6.46796540E-01 
    205.5     6.74027460E-01 
    206.0     7.00222073E-01 
    206.5     7.25216498E-01 
    207.0     7.48879352E-01 
    207.5     7.71087012E-01 
    208.0     7.91751993E-01 
    208.5     8.10794982E-01 
    209.0     8.28182011E-01 
    209.5     8.43881884E-01 
    210.0     8.57911935E-01 
    210.5     8.70292701E-01 
    211.0     8.81083159E-01 
    211.5     8.90353908E-01 
    212.0     8.98196040E-01 
    212.5     9.04718387E-01 
    213.0     9.10037721E-01 
    213.5     9.14281828E-01 
    214.0     9.17584840E-01 
    214.5     9.20076971E-01 
    215.0     9.21894686E-01 
    215.5     9.23161548E-01 
    216.0     9.23998691E-01 
    216.5     9.24515557E-01 
    217.0     9.24806858E-01 
    217.5     9.24958233E-01 
    218.0     9.25036970E-01 
    218.5     9.25096990E-01 
    219.0     9.25180608E-01 
    219.5     9.25311794E-01 
    220.0     9.25508549E-01 
    220.5     9.25775025E-01 
    221.0     9.26108040E-01 
    221.5     9.26500540E-01 
    222.0     9.26937732E-01 
    222.5     9.27405403E-01 
    223.0     9.27887429E-01 
    223.5     9.28366655E-01 
    224.0     9.28829995E-01 
    224.5     9.29263841E-01 
    225.0     9.29658224E-01 
    225.5     9.30007105E-01 
    226.0     9.30305054E-01 
    226.5     9.30552111E-01 
    227.0     9.30749544E-01 
    227.5     9.30900655E-01 
    228.0     9.31011908E-01 
    228.5     9.31089546E-01 
    229.0     9.31140919E-01 
    229.5     9.31174203E-01 
    230.0     9.31194963E-01 
    230.5     9.31210081E-01 
    231.0     9.31223456E-01 
    231.5     9.31238303E-01 
    232.0     9.31256901E-01 
    232.5     9.31279509E-01 
    233.0     9.31306155E-01 
    233.5     9.31336255E-01 
    234.0     9.31368321E-01 
    234.5     9.31401397E-01 
    235.0     9.31434644E-01 
    235.5     9.31466557E-01 
    236.0     9.31497501E-01 
    236.5     9.31526174E-01 
    237.0     9.31553048E-01 
    237.5     9.31577764E-01 
    238.0     9.31600371E-01 
    238.5     9.31621099E-01 
    239.0     9.31639992E-01 
    239.5     9.31657109E-01 
    240.0     9.31672633E-01 
    240.5     9.31686688E-01 
    241.0     9.31699121E-01 
    241.5     9.31710874E-01 
    242.0     9.31721498E-01 
    242.5     9.31732001E-01 
    243.0     9.31742262E-01 
    243.5     9.31752712E-01 
    244.0     9.31763527E-01 
    244.5     9.31774719E-01 
    245.0     9.31786154E-01 
    245.5     9.31797638E-01 
    246.0     9.31808817E-01 
    246.5     9.31819130E-01 
    247.0     9.31828761E-01 
    247.5     9.31836897E-01 
    248.0     9.31844302E-01 
    248.5     9.31850588E-01 
    249.0     9.31856238E-01 
    249.5     9.31861518E-01 
    250.0     9.31866781E-01 
    250.5     9.31872367E-01 
    251.0     9.31878618E-01 
    251.5     9.31885576E-01 
    252.0     9.31892999E-01 
    252.5     9.31900987E-01 
    253.0     9.31908469E-01 
    253.5     9.31915799E-01 
    254.0     9.31922030E-01 
    254.5     9.31927563E-01 
    255.0     9.31932198E-01 
    255.5     9.31936152E-01 
    256.0     9.31939562E-01 
    256.5     9.31943047E-01 
    257.0     9.31946852E-01 
    257.5     9.31951524E-01 
    258.0     9.31957309E-01 
    258.5     9.31963703E-01 
    259.0     9.31970916E-01 
    259.5     9.31977772E-01 
    260.0     9.31984289E-01 
    260.5     9.31989727E-01 
    261.0     9.31994131E-01 
    261.5     9.31997358E-01 
    262.0     9.31999849E-01 
    262.5     9.32001621E-01 
    263.0     9.32003418E-01 
    263.5     9.32005598E-01 
    264.0     9.32008591E-01 
    264.5     9.32012918E-01 
    265.0     9.32018019E-01 
    265.5     9.32023912E-01 
    266.0     9.32029606E-01 
    266.5     9.32034781E-01 
    267.0     9.32038808E-01 
    267.5     9.32041803E-01 
    268.0     9.32043538E-01 
    268.5     9.32044666E-01 
    269.0     9.32045266E-01 
    269.5     9.32045907E-01 
    270.0     9.32047100E-01 
    270.5     9.32049108E-01 
    271.0     9.32052453E-01 
    271.5     9.32056735E-01 
    272.0     9.32061823E-01 
    272.5     9.32066883E-01 
    273.0     9.32071595E-01 
    273.5     9.32075186E-01 
    274.0     9.32077803E-01 
    274.5     9.32079272E-01 
    275.0     9.32080304E-01 
    275.5     9.32081052E-01 
    276.0     9.32082118E-01 
    276.5     9.32083750E-01 
    277.0     9.32086587E-01 
    277.5     9.32091117E-01 
    278.0     9.32097339E-01 
    278.5     9.32104829E-01 
    279.0     9.32112454E-01 
    279.5     9.32119419E-01 
    280.0     9.32125017E-01 
    280.5     9.32129380E-01 
    281.0     9.32132526E-01 
    281.5     9.32135253E-01 
    282.0     9.32137650E-01 
    282.5     9.32140790E-01 
    283.0     9.32144993E-01 
    283.5     9.32151342E-01 
    284.0     9.32159701E-01 
    284.5     9.32169841E-01 
    285.0     9.32180594E-01 
    285.5     9.32191191E-01 
    286.0     9.32200957E-01 
    286.5     9.32209518E-01 
    287.0     9.32217075E-01 
    287.5     9.32223115E-01 
    288.0     9.32228546E-01 
    288.5     9.32233276E-01 
    289.0     9.32239014E-01 
    289.5     9.32246147E-01 
    290.0     9.32255852E-01 
    290.5     9.32267712E-01 
    291.0     9.32281512E-01 
    291.5     9.32296349E-01 
    292.0     9.32311479E-01 
    292.5     9.32326556E-01 
    293.0     9.32340709E-01 
    293.5     9.32354310E-01 
    294.0     9.32366479E-01 
    294.5     9.32378410E-01 
    295.0     9.32389876E-01 
    295.5     9.32402638E-01 
    296.0     9.32416829E-01 
    296.5     9.32433469E-01 
    297.0     9.32452188E-01 
    297.5     9.32472799E-01 
    298.0     9.32494784E-01 
    298.5     9.32517480E-01 
    299.0     9.32540676E-01 
    299.5     9.32563285E-01 
    300.0     9.32585235E-01 
